(kicad_pcb (version 20200628) (host pcbnew "5.99.0-unknown-1463dd1~88~ubuntu18.04.1")

  (general
    (thickness 1.6)
    (drawings 51)
    (tracks 517)
    (modules 72)
    (nets 37)
  )

  (paper "A4")
  (layers
    (0 "F.Cu" signal)
    (31 "B.Cu" signal)
    (32 "B.Adhes" user)
    (33 "F.Adhes" user)
    (34 "B.Paste" user)
    (35 "F.Paste" user)
    (36 "B.SilkS" user)
    (37 "F.SilkS" user)
    (38 "B.Mask" user)
    (39 "F.Mask" user)
    (40 "Dwgs.User" user)
    (41 "Cmts.User" user)
    (42 "Eco1.User" user)
    (43 "Eco2.User" user)
    (44 "Edge.Cuts" user)
    (45 "Margin" user)
    (46 "B.CrtYd" user)
    (47 "F.CrtYd" user)
    (48 "B.Fab" user)
    (49 "F.Fab" user)
  )

  (setup
    (stackup
      (layer "F.SilkS" (type "Top Silk Screen"))
      (layer "F.Paste" (type "Top Solder Paste"))
      (layer "F.Mask" (type "Top Solder Mask") (color "Green") (thickness 0.01))
      (layer "F.Cu" (type "copper") (thickness 0.035))
      (layer "dielectric 1" (type "core") (thickness 1.51) (material "FR4") (epsilon_r 4.5) (loss_tangent 0.02))
      (layer "B.Cu" (type "copper") (thickness 0.035))
      (layer "B.Mask" (type "Bottom Solder Mask") (color "Green") (thickness 0.01))
      (layer "B.Paste" (type "Bottom Solder Paste"))
      (layer "B.SilkS" (type "Bottom Silk Screen"))
      (copper_finish "None")
      (dielectric_constraints no)
    )
    (pcbplotparams
      (layerselection 0x010fc_ffffffff)
      (usegerberextensions false)
      (usegerberattributes true)
      (usegerberadvancedattributes true)
      (creategerberjobfile true)
      (svguseinch false)
      (svgprecision 6)
      (excludeedgelayer true)
      (linewidth 0.100000)
      (plotframeref false)
      (viasonmask false)
      (mode 1)
      (useauxorigin false)
      (hpglpennumber 1)
      (hpglpenspeed 20)
      (hpglpendiameter 15.000000)
      (psnegative false)
      (psa4output false)
      (plotreference true)
      (plotvalue true)
      (plotinvisibletext false)
      (sketchpadsonfab false)
      (subtractmaskfromsilk false)
      (outputformat 1)
      (mirror false)
      (drillshape 1)
      (scaleselection 1)
      (outputdirectory "")
    )
  )

  (net 0 "")
  (net 1 "Net-(U1-Pad2)")
  (net 2 "GND")
  (net 3 "+5V")
  (net 4 "/LRCK")
  (net 5 "/BLK")
  (net 6 "/SDAT")
  (net 7 "/RESET")
  (net 8 "/MCLK")
  (net 9 "/HALF_MCLK")
  (net 10 "Net-(R1-Pad1)")
  (net 11 "/LEDA")
  (net 12 "/LEDK")
  (net 13 "Net-(J3-Pad6)")
  (net 14 "Net-(J3-Pad5)")
  (net 15 "Net-(J3-Pad3)")
  (net 16 "/CSN")
  (net 17 "/CDTI")
  (net 18 "/CCLK")
  (net 19 "/CDTO")
  (net 20 "Net-(J3-Pad4)")
  (net 21 "Net-(J3-Pad2)")
  (net 22 "Net-(J4-Pad6)")
  (net 23 "Net-(J4-Pad5)")
  (net 24 "Net-(J4-Pad4)")
  (net 25 "Net-(J4-Pad3)")
  (net 26 "Net-(J4-Pad1)")
  (net 27 "/TXN")
  (net 28 "/TXP")
  (net 29 "/DIF0")
  (net 30 "/DIF1")
  (net 31 "/DIF2")
  (net 32 "/CKS0")
  (net 33 "/CKS1")
  (net 34 "/ANS")
  (net 35 "Net-(J1-Pad4)")
  (net 36 "Net-(J1-Pad3)")

  (module "components:R_0603_1608Metric_SolderJumperCompatible" (layer "F.Cu") (tedit 5F03C06A) (tstamp b99e0398-e3a4-42df-bb04-09671c6ca4e3)
    (at 72.75 118.75 180)
    (descr "Resistor SMD 0603 (1608 Metric), square (rectangular) end terminal, IPC_7351 nominal with elongated pad for handsoldering. (Body size source: http://www.tortai-tech.com/upload/download/2011102023233369053.pdf), generated with kicad-footprint-generator")
    (tags "resistor handsolder")
    (path "/94b93a8c-ba6a-4617-b300-c1e857b731f5")
    (attr smd)
    (fp_text reference "JP6" (at 0 -1.43) (layer "F.SilkS")
      (effects (font (size 1 1) (thickness 0.15)))
    )
    (fp_text value "Jumper_NO_Small" (at 0 1.43) (layer "F.Fab")
      (effects (font (size 1 1) (thickness 0.15)))
    )
    (fp_text user "${REFERENCE}" (at 0 0) (layer "F.Fab")
      (effects (font (size 0.4 0.4) (thickness 0.06)))
    )
    (fp_line (start 1.65 0.73) (end -1.65 0.73) (layer "F.CrtYd") (width 0.05))
    (fp_line (start 1.65 -0.73) (end 1.65 0.73) (layer "F.CrtYd") (width 0.05))
    (fp_line (start -1.65 -0.73) (end 1.65 -0.73) (layer "F.CrtYd") (width 0.05))
    (fp_line (start -1.65 0.73) (end -1.65 -0.73) (layer "F.CrtYd") (width 0.05))
    (fp_line (start -0.171267 0.51) (end 0.171267 0.51) (layer "F.SilkS") (width 0.12))
    (fp_line (start -0.171267 -0.51) (end 0.171267 -0.51) (layer "F.SilkS") (width 0.12))
    (fp_line (start 0.8 0.4) (end -0.8 0.4) (layer "F.Fab") (width 0.1))
    (fp_line (start 0.8 -0.4) (end 0.8 0.4) (layer "F.Fab") (width 0.1))
    (fp_line (start -0.8 -0.4) (end 0.8 -0.4) (layer "F.Fab") (width 0.1))
    (fp_line (start -0.8 0.4) (end -0.8 -0.4) (layer "F.Fab") (width 0.1))
    (pad "2" smd roundrect (at 0.775 0 180) (size 1.25 0.95) (layers "F.Cu" "F.Paste" "F.Mask") (roundrect_rratio 0.25)
      (net 27 "/TXN") (pinfunction "2") (tstamp 953c87f4-dd6e-486b-b99d-b60d07256887))
    (pad "1" smd roundrect (at -0.775 0 180) (size 1.25 0.95) (layers "F.Cu" "F.Paste" "F.Mask") (roundrect_rratio 0.25)
      (net 35 "Net-(J1-Pad4)") (pinfunction "1") (tstamp ba94c8ca-5821-4b46-8bb7-19d4fc07a931))
    (model "${KISYS3DMOD}/Resistor_SMD.3dshapes/R_0603_1608Metric.wrl"
      (at (xyz 0 0 0))
      (scale (xyz 1 1 1))
      (rotate (xyz 0 0 0))
    )
  )

  (module "components:R_0603_1608Metric_SolderJumperCompatible" (layer "F.Cu") (tedit 5F03C06A) (tstamp e38a95a3-72b8-4171-907c-adbf89a9bbfc)
    (at 72.75 116 180)
    (descr "Resistor SMD 0603 (1608 Metric), square (rectangular) end terminal, IPC_7351 nominal with elongated pad for handsoldering. (Body size source: http://www.tortai-tech.com/upload/download/2011102023233369053.pdf), generated with kicad-footprint-generator")
    (tags "resistor handsolder")
    (path "/875bec72-ffc1-42dc-9942-2ff54e597dcd")
    (attr smd)
    (fp_text reference "JP5" (at 0 -1.43) (layer "F.SilkS")
      (effects (font (size 1 1) (thickness 0.15)))
    )
    (fp_text value "Jumper_NO_Small" (at 0 1.43) (layer "F.Fab")
      (effects (font (size 1 1) (thickness 0.15)))
    )
    (fp_text user "${REFERENCE}" (at 0 0) (layer "F.Fab")
      (effects (font (size 0.4 0.4) (thickness 0.06)))
    )
    (fp_line (start 1.65 0.73) (end -1.65 0.73) (layer "F.CrtYd") (width 0.05))
    (fp_line (start 1.65 -0.73) (end 1.65 0.73) (layer "F.CrtYd") (width 0.05))
    (fp_line (start -1.65 -0.73) (end 1.65 -0.73) (layer "F.CrtYd") (width 0.05))
    (fp_line (start -1.65 0.73) (end -1.65 -0.73) (layer "F.CrtYd") (width 0.05))
    (fp_line (start -0.171267 0.51) (end 0.171267 0.51) (layer "F.SilkS") (width 0.12))
    (fp_line (start -0.171267 -0.51) (end 0.171267 -0.51) (layer "F.SilkS") (width 0.12))
    (fp_line (start 0.8 0.4) (end -0.8 0.4) (layer "F.Fab") (width 0.1))
    (fp_line (start 0.8 -0.4) (end 0.8 0.4) (layer "F.Fab") (width 0.1))
    (fp_line (start -0.8 -0.4) (end 0.8 -0.4) (layer "F.Fab") (width 0.1))
    (fp_line (start -0.8 0.4) (end -0.8 -0.4) (layer "F.Fab") (width 0.1))
    (pad "2" smd roundrect (at 0.775 0 180) (size 1.25 0.95) (layers "F.Cu" "F.Paste" "F.Mask") (roundrect_rratio 0.25)
      (net 28 "/TXP") (pinfunction "2") (tstamp 953c87f4-dd6e-486b-b99d-b60d07256887))
    (pad "1" smd roundrect (at -0.775 0 180) (size 1.25 0.95) (layers "F.Cu" "F.Paste" "F.Mask") (roundrect_rratio 0.25)
      (net 36 "Net-(J1-Pad3)") (pinfunction "1") (tstamp ba94c8ca-5821-4b46-8bb7-19d4fc07a931))
    (model "${KISYS3DMOD}/Resistor_SMD.3dshapes/R_0603_1608Metric.wrl"
      (at (xyz 0 0 0))
      (scale (xyz 1 1 1))
      (rotate (xyz 0 0 0))
    )
  )

  (module "components:MountingHole_3.2mm_M3" locked (layer "F.Cu") (tedit 5F0403B0) (tstamp 5ff363bb-ce91-4bec-8413-88c68945db03)
    (at 22 85)
    (descr "Mounting Hole 3.2mm M3")
    (tags "mounting hole 3.2mm m3")
    (fp_text reference "REF***" (at 0 0) (layer "F.SilkS")
      (effects (font (size 1 1) (thickness 0.15)))
    )
    (fp_text value "M" (at 0 4.2) (layer "F.Fab")
      (effects (font (size 1 1) (thickness 0.15)))
    )
    (fp_circle (center 0 0) (end 3.45 0) (layer "F.CrtYd") (width 0.05))
    (pad "1" thru_hole circle (at 0 0) (size 6.5 6.5) (drill 3.2) (layers *.Cu *.Mask)
      (net 2 "GND") (zone_connect 2) (tstamp d26278ad-459b-4a01-92eb-a14f157279a6))
    (pad "1" thru_hole circle (at 0 -2.5) (size 1 1) (drill 0.8) (layers *.Cu *.Mask)
      (zone_connect 2) (tstamp 3280ed36-2d39-4ee3-9a30-1756de5874b3))
    (pad "1" thru_hole circle (at 0 2.5) (size 1 1) (drill 0.8) (layers *.Cu *.Mask)
      (zone_connect 2) (tstamp fa66009f-7e82-4015-8ea4-84e07414a657))
    (pad "1" thru_hole circle (at 2.5 0 90) (size 1 1) (drill 0.8) (layers *.Cu *.Mask)
      (zone_connect 2) (tstamp d3e96a31-cab5-4cb5-bd73-ef4fbde9e3c3))
    (pad "1" thru_hole circle (at -2.5 0 90) (size 1 1) (drill 0.8) (layers *.Cu *.Mask)
      (zone_connect 2) (tstamp 61639a92-f985-419b-abaa-fecfd37aa2a6))
  )

  (module "components:MountingHole_3.2mm_M3" locked (layer "F.Cu") (tedit 5F0403ED) (tstamp 2e13c5e5-e9fe-4d52-ae85-d7123bd065b4)
    (at 22 126)
    (descr "Mounting Hole 3.2mm M3")
    (tags "mounting hole 3.2mm m3")
    (fp_text reference "REF***" (at 0 0) (layer "F.SilkS")
      (effects (font (size 1 1) (thickness 0.15)))
    )
    (fp_text value "M" (at 0 4.2) (layer "F.Fab")
      (effects (font (size 1 1) (thickness 0.15)))
    )
    (fp_circle (center 0 0) (end 3.45 0) (layer "F.CrtYd") (width 0.05))
    (pad "1" thru_hole circle (at -2.5 0 90) (size 1 1) (drill 0.8) (layers *.Cu *.Mask)
      (zone_connect 2) (tstamp 61639a92-f985-419b-abaa-fecfd37aa2a6))
    (pad "1" thru_hole circle (at 2.5 0 90) (size 1 1) (drill 0.8) (layers *.Cu *.Mask)
      (zone_connect 2) (tstamp d3e96a31-cab5-4cb5-bd73-ef4fbde9e3c3))
    (pad "1" thru_hole circle (at 0 2.5) (size 1 1) (drill 0.8) (layers *.Cu *.Mask)
      (zone_connect 2) (tstamp fa66009f-7e82-4015-8ea4-84e07414a657))
    (pad "1" thru_hole circle (at 0 -2.5) (size 1 1) (drill 0.8) (layers *.Cu *.Mask)
      (zone_connect 2) (tstamp 3280ed36-2d39-4ee3-9a30-1756de5874b3))
    (pad "1" thru_hole circle (at 0 0) (size 6.5 6.5) (drill 3.2) (layers *.Cu *.Mask)
      (net 2 "GND") (zone_connect 2) (tstamp d26278ad-459b-4a01-92eb-a14f157279a6))
  )

  (module "components:MountingHole_3.2mm_M3" locked (layer "F.Cu") (tedit 5F0403D4) (tstamp 3ad97376-0888-4b03-92a2-9bc0e5542a03)
    (at 82 126)
    (descr "Mounting Hole 3.2mm M3")
    (tags "mounting hole 3.2mm m3")
    (fp_text reference "REF***" (at 0 0) (layer "F.SilkS")
      (effects (font (size 1 1) (thickness 0.15)))
    )
    (fp_text value "M" (at 0 4.2) (layer "F.Fab")
      (effects (font (size 1 1) (thickness 0.15)))
    )
    (fp_circle (center 0 0) (end 3.45 0) (layer "F.CrtYd") (width 0.05))
    (pad "1" thru_hole circle (at 0 0) (size 6.5 6.5) (drill 3.2) (layers *.Cu *.Mask)
      (net 2 "GND") (zone_connect 2) (tstamp d26278ad-459b-4a01-92eb-a14f157279a6))
    (pad "1" thru_hole circle (at 0 -2.5) (size 1 1) (drill 0.8) (layers *.Cu *.Mask)
      (zone_connect 2) (tstamp 3280ed36-2d39-4ee3-9a30-1756de5874b3))
    (pad "1" thru_hole circle (at 0 2.5) (size 1 1) (drill 0.8) (layers *.Cu *.Mask)
      (zone_connect 2) (tstamp fa66009f-7e82-4015-8ea4-84e07414a657))
    (pad "1" thru_hole circle (at 2.5 0 90) (size 1 1) (drill 0.8) (layers *.Cu *.Mask)
      (zone_connect 2) (tstamp d3e96a31-cab5-4cb5-bd73-ef4fbde9e3c3))
    (pad "1" thru_hole circle (at -2.5 0 90) (size 1 1) (drill 0.8) (layers *.Cu *.Mask)
      (zone_connect 2) (tstamp 61639a92-f985-419b-abaa-fecfd37aa2a6))
  )

  (module "components:MountingHole_3.2mm_M3" locked (layer "F.Cu") (tedit 5F0403C7) (tstamp 01f93b7e-7362-488e-ae98-0fc5cefda856)
    (at 82 85)
    (descr "Mounting Hole 3.2mm M3")
    (tags "mounting hole 3.2mm m3")
    (fp_text reference "REF***" (at 0 0) (layer "F.SilkS")
      (effects (font (size 1 1) (thickness 0.15)))
    )
    (fp_text value "M" (at 0 4.2) (layer "F.Fab")
      (effects (font (size 1 1) (thickness 0.15)))
    )
    (fp_circle (center 0 0) (end 3.45 0) (layer "F.CrtYd") (width 0.05))
    (pad "1" thru_hole circle (at -2.5 0 90) (size 1 1) (drill 0.8) (layers *.Cu *.Mask)
      (zone_connect 2) (tstamp 61639a92-f985-419b-abaa-fecfd37aa2a6))
    (pad "1" thru_hole circle (at 2.5 0 90) (size 1 1) (drill 0.8) (layers *.Cu *.Mask)
      (zone_connect 2) (tstamp d3e96a31-cab5-4cb5-bd73-ef4fbde9e3c3))
    (pad "1" thru_hole circle (at 0 2.5) (size 1 1) (drill 0.8) (layers *.Cu *.Mask)
      (zone_connect 2) (tstamp fa66009f-7e82-4015-8ea4-84e07414a657))
    (pad "1" thru_hole circle (at 0 -2.5) (size 1 1) (drill 0.8) (layers *.Cu *.Mask)
      (zone_connect 2) (tstamp 3280ed36-2d39-4ee3-9a30-1756de5874b3))
    (pad "1" thru_hole circle (at 0 0) (size 6.5 6.5) (drill 3.2) (layers *.Cu *.Mask)
      (net 2 "GND") (zone_connect 2) (tstamp d26278ad-459b-4a01-92eb-a14f157279a6))
  )

  (module "components:Mark-OpenHigh,CloseLow" locked (layer "F.Cu") (tedit 5F03DA8E) (tstamp 28b4704e-94b9-4d87-bfed-171172c7a778)
    (at 67.251715 124)
    (fp_text reference "REF**" (at 0.5 2 unlocked) (layer "F.SilkS") hide
      (effects (font (size 1 1) (thickness 0.15)))
    )
    (fp_text value "Mark-OpenHigh,CloseLow" (at 0.5 3.5 unlocked) (layer "F.Fab") hide
      (effects (font (size 1 1) (thickness 0.15)))
    )
    (fp_text user "x" (at 0.5 5 unlocked) (layer "F.Fab") hide
      (effects (font (size 1 1) (thickness 0.15)))
    )
    (fp_line (start -1.7 -0.6) (end 0 -0.6) (layer "F.SilkS") (width 0.12))
    (fp_line (start 0 -0.6) (end 0 0.6) (layer "F.SilkS") (width 0.12))
    (fp_line (start 0 0.6) (end 1.7 0.6) (layer "F.SilkS") (width 0.12))
    (fp_rect (start -1.640971 -0.2) (end -1.240971 0.2) (layer "F.SilkS") (width 0.12))
    (fp_rect (start -0.731617 -0.2) (end -0.331617 0.2) (layer "F.SilkS") (width 0.12))
    (fp_rect (start 0.320912 -0.234721) (end 0.720912 0.165279) (layer "F.SilkS") (width 0.12))
    (fp_rect (start 1.230266 -0.234721) (end 1.630266 0.165279) (layer "F.SilkS") (width 0.12))
    (fp_poly (pts (xy 1.2 0.2) (xy 0.8 0.2) (xy 0.8 -0.3) (xy 1.2 -0.3)) (layer "F.SilkS") (width 0.1))
    (fp_line (start -1.928378 -0.6) (end -1.928378 -0.2) (layer "F.SilkS") (width 0.12))
    (fp_line (start -1.928378 -0.4) (end -2.228378 -0.4) (layer "F.SilkS") (width 0.12))
    (fp_line (start -2.228378 -0.4) (end -2.228378 -0.6) (layer "F.SilkS") (width 0.12))
    (fp_line (start -2.228378 -0.4) (end -2.228378 -0.2) (layer "F.SilkS") (width 0.12))
  )

  (module "components:Mark-OpenHigh,CloseLow" locked (layer "F.Cu") (tedit 5F03DA8E) (tstamp 2d5badc7-4ac8-44c9-9e71-122d7bb09c89)
    (at 67.25 125.5)
    (fp_text reference "REF**" (at 0.5 2 unlocked) (layer "F.SilkS") hide
      (effects (font (size 1 1) (thickness 0.15)))
    )
    (fp_text value "Mark-OpenHigh,CloseLow" (at 0.5 3.5 unlocked) (layer "F.Fab") hide
      (effects (font (size 1 1) (thickness 0.15)))
    )
    (fp_line (start -2.228378 -0.4) (end -2.228378 -0.2) (layer "F.SilkS") (width 0.12))
    (fp_line (start -2.228378 -0.4) (end -2.228378 -0.6) (layer "F.SilkS") (width 0.12))
    (fp_line (start -1.928378 -0.4) (end -2.228378 -0.4) (layer "F.SilkS") (width 0.12))
    (fp_line (start -1.928378 -0.6) (end -1.928378 -0.2) (layer "F.SilkS") (width 0.12))
    (fp_poly (pts (xy 1.2 0.2) (xy 0.8 0.2) (xy 0.8 -0.3) (xy 1.2 -0.3)) (layer "F.SilkS") (width 0.1))
    (fp_rect (start 1.230266 -0.234721) (end 1.630266 0.165279) (layer "F.SilkS") (width 0.12))
    (fp_rect (start 0.320912 -0.234721) (end 0.720912 0.165279) (layer "F.SilkS") (width 0.12))
    (fp_rect (start -0.731617 -0.2) (end -0.331617 0.2) (layer "F.SilkS") (width 0.12))
    (fp_rect (start -1.640971 -0.2) (end -1.240971 0.2) (layer "F.SilkS") (width 0.12))
    (fp_line (start 0 0.6) (end 1.7 0.6) (layer "F.SilkS") (width 0.12))
    (fp_line (start 0 -0.6) (end 0 0.6) (layer "F.SilkS") (width 0.12))
    (fp_line (start -1.7 -0.6) (end 0 -0.6) (layer "F.SilkS") (width 0.12))
    (fp_text user "x" (at 0.5 5 unlocked) (layer "F.Fab") hide
      (effects (font (size 1 1) (thickness 0.15)))
    )
  )

  (module "components:Mark-OpenLow,CloseHigh" locked (layer "F.Cu") (tedit 5F03DAA0) (tstamp 4ec324f4-0def-4de7-a331-d3f71d654a2d)
    (at 66.75 127)
    (fp_text reference "REF**" (at 0.5 2 unlocked) (layer "F.SilkS") hide
      (effects (font (size 1 1) (thickness 0.15)))
    )
    (fp_text value "Mark-OpenLow,CloseHigh" (at 0.5 3.5 unlocked) (layer "F.Fab") hide
      (effects (font (size 1 1) (thickness 0.15)))
    )
    (fp_text user "x" (at 0.5 5 unlocked) (layer "F.Fab") hide
      (effects (font (size 1 1) (thickness 0.15)))
    )
    (fp_line (start -1.7 0.6) (end 0 0.6) (layer "F.SilkS") (width 0.12))
    (fp_line (start 0 -0.6) (end 0 0.6) (layer "F.SilkS") (width 0.12))
    (fp_line (start 0 -0.6) (end 1.729739 -0.6) (layer "F.SilkS") (width 0.12))
    (fp_rect (start -1.640971 -0.2) (end -1.240971 0.2) (layer "F.SilkS") (width 0.12))
    (fp_rect (start -0.731617 -0.2) (end -0.331617 0.2) (layer "F.SilkS") (width 0.12))
    (fp_rect (start 0.320912 -0.234721) (end 0.720912 0.165279) (layer "F.SilkS") (width 0.12))
    (fp_rect (start 1.230266 -0.234721) (end 1.630266 0.165279) (layer "F.SilkS") (width 0.12))
    (fp_poly (pts (xy 1.2 0.2) (xy 0.8 0.2) (xy 0.8 -0.3) (xy 1.2 -0.3)) (layer "F.SilkS") (width 0.1))
    (fp_line (start 2 -0.5) (end 2 -0.1) (layer "F.SilkS") (width 0.12))
    (fp_line (start 2 -0.3) (end 2.3 -0.3) (layer "F.SilkS") (width 0.12))
    (fp_line (start 2.3 -0.3) (end 2.3 -0.5) (layer "F.SilkS") (width 0.12))
    (fp_line (start 2.3 -0.3) (end 2.3 -0.1) (layer "F.SilkS") (width 0.12))
  )

  (module "components:Mark-OpenLow,CloseHigh" locked (layer "F.Cu") (tedit 5F03DAA0) (tstamp 8ce43c4b-7bf5-4d2b-9c6f-f89348f503ed)
    (at 50.5 123.5)
    (fp_text reference "REF**" (at 0.5 2 unlocked) (layer "F.SilkS") hide
      (effects (font (size 1 1) (thickness 0.15)))
    )
    (fp_text value "Mark-OpenLow,CloseHigh" (at 0.5 3.5 unlocked) (layer "F.Fab") hide
      (effects (font (size 1 1) (thickness 0.15)))
    )
    (fp_line (start 2.3 -0.3) (end 2.3 -0.1) (layer "F.SilkS") (width 0.12))
    (fp_line (start 2.3 -0.3) (end 2.3 -0.5) (layer "F.SilkS") (width 0.12))
    (fp_line (start 2 -0.3) (end 2.3 -0.3) (layer "F.SilkS") (width 0.12))
    (fp_line (start 2 -0.5) (end 2 -0.1) (layer "F.SilkS") (width 0.12))
    (fp_poly (pts (xy 1.2 0.2) (xy 0.8 0.2) (xy 0.8 -0.3) (xy 1.2 -0.3)) (layer "F.SilkS") (width 0.1))
    (fp_rect (start 1.230266 -0.234721) (end 1.630266 0.165279) (layer "F.SilkS") (width 0.12))
    (fp_rect (start 0.320912 -0.234721) (end 0.720912 0.165279) (layer "F.SilkS") (width 0.12))
    (fp_rect (start -0.731617 -0.2) (end -0.331617 0.2) (layer "F.SilkS") (width 0.12))
    (fp_rect (start -1.640971 -0.2) (end -1.240971 0.2) (layer "F.SilkS") (width 0.12))
    (fp_line (start 0 -0.6) (end 1.729739 -0.6) (layer "F.SilkS") (width 0.12))
    (fp_line (start 0 -0.6) (end 0 0.6) (layer "F.SilkS") (width 0.12))
    (fp_line (start -1.7 0.6) (end 0 0.6) (layer "F.SilkS") (width 0.12))
    (fp_text user "x" (at 0.5 5 unlocked) (layer "F.Fab") hide
      (effects (font (size 1 1) (thickness 0.15)))
    )
  )

  (module "components:Mark-OpenLow,CloseHigh" locked (layer "F.Cu") (tedit 5F03DAA0) (tstamp 3c5af74e-2c0c-4eca-acae-ea4917f1295f)
    (at 50.5 126.5)
    (fp_text reference "REF**" (at 0.5 2 unlocked) (layer "F.SilkS") hide
      (effects (font (size 1 1) (thickness 0.15)))
    )
    (fp_text value "Mark-OpenLow,CloseHigh" (at 0.5 3.5 unlocked) (layer "F.Fab") hide
      (effects (font (size 1 1) (thickness 0.15)))
    )
    (fp_line (start 2.3 -0.3) (end 2.3 -0.1) (layer "F.SilkS") (width 0.12))
    (fp_line (start 2.3 -0.3) (end 2.3 -0.5) (layer "F.SilkS") (width 0.12))
    (fp_line (start 2 -0.3) (end 2.3 -0.3) (layer "F.SilkS") (width 0.12))
    (fp_line (start 2 -0.5) (end 2 -0.1) (layer "F.SilkS") (width 0.12))
    (fp_poly (pts (xy 1.2 0.2) (xy 0.8 0.2) (xy 0.8 -0.3) (xy 1.2 -0.3)) (layer "F.SilkS") (width 0.1))
    (fp_rect (start 1.230266 -0.234721) (end 1.630266 0.165279) (layer "F.SilkS") (width 0.12))
    (fp_rect (start 0.320912 -0.234721) (end 0.720912 0.165279) (layer "F.SilkS") (width 0.12))
    (fp_rect (start -0.731617 -0.2) (end -0.331617 0.2) (layer "F.SilkS") (width 0.12))
    (fp_rect (start -1.640971 -0.2) (end -1.240971 0.2) (layer "F.SilkS") (width 0.12))
    (fp_line (start 0 -0.6) (end 1.729739 -0.6) (layer "F.SilkS") (width 0.12))
    (fp_line (start 0 -0.6) (end 0 0.6) (layer "F.SilkS") (width 0.12))
    (fp_line (start -1.7 0.6) (end 0 0.6) (layer "F.SilkS") (width 0.12))
    (fp_text user "x" (at 0.5 5 unlocked) (layer "F.Fab") hide
      (effects (font (size 1 1) (thickness 0.15)))
    )
  )

  (module "components:Mark-OpenLow,CloseHigh" locked (layer "F.Cu") (tedit 5F03DAA0) (tstamp 124baa83-544d-4cfe-a20f-3ed7d2c5588f)
    (at 50.5 128)
    (fp_text reference "REF**" (at 0.5 2 unlocked) (layer "F.SilkS") hide
      (effects (font (size 1 1) (thickness 0.15)))
    )
    (fp_text value "Mark-OpenLow,CloseHigh" (at 0.5 3.5 unlocked) (layer "F.Fab") hide
      (effects (font (size 1 1) (thickness 0.15)))
    )
    (fp_text user "x" (at 0.5 5 unlocked) (layer "F.Fab") hide
      (effects (font (size 1 1) (thickness 0.15)))
    )
    (fp_line (start -1.7 0.6) (end 0 0.6) (layer "F.SilkS") (width 0.12))
    (fp_line (start 0 -0.6) (end 0 0.6) (layer "F.SilkS") (width 0.12))
    (fp_line (start 0 -0.6) (end 1.729739 -0.6) (layer "F.SilkS") (width 0.12))
    (fp_rect (start -1.640971 -0.2) (end -1.240971 0.2) (layer "F.SilkS") (width 0.12))
    (fp_rect (start -0.731617 -0.2) (end -0.331617 0.2) (layer "F.SilkS") (width 0.12))
    (fp_rect (start 0.320912 -0.234721) (end 0.720912 0.165279) (layer "F.SilkS") (width 0.12))
    (fp_rect (start 1.230266 -0.234721) (end 1.630266 0.165279) (layer "F.SilkS") (width 0.12))
    (fp_poly (pts (xy 1.2 0.2) (xy 0.8 0.2) (xy 0.8 -0.3) (xy 1.2 -0.3)) (layer "F.SilkS") (width 0.1))
    (fp_line (start 2 -0.5) (end 2 -0.1) (layer "F.SilkS") (width 0.12))
    (fp_line (start 2 -0.3) (end 2.3 -0.3) (layer "F.SilkS") (width 0.12))
    (fp_line (start 2.3 -0.3) (end 2.3 -0.5) (layer "F.SilkS") (width 0.12))
    (fp_line (start 2.3 -0.3) (end 2.3 -0.1) (layer "F.SilkS") (width 0.12))
  )

  (module "components:Mark-OpenLow,CloseHigh" locked (layer "F.Cu") (tedit 5F03DAA0) (tstamp 7eac133c-c193-406a-9c9d-0eeb8b346410)
    (at 50.5 125)
    (fp_text reference "REF**" (at 0.5 2 unlocked) (layer "F.SilkS") hide
      (effects (font (size 1 1) (thickness 0.15)))
    )
    (fp_text value "Mark-OpenLow,CloseHigh" (at 0.5 3.5 unlocked) (layer "F.Fab") hide
      (effects (font (size 1 1) (thickness 0.15)))
    )
    (fp_text user "x" (at 0.5 5 unlocked) (layer "F.Fab") hide
      (effects (font (size 1 1) (thickness 0.15)))
    )
    (fp_line (start -1.7 0.6) (end 0 0.6) (layer "F.SilkS") (width 0.12))
    (fp_line (start 0 -0.6) (end 0 0.6) (layer "F.SilkS") (width 0.12))
    (fp_line (start 0 -0.6) (end 1.729739 -0.6) (layer "F.SilkS") (width 0.12))
    (fp_rect (start -1.640971 -0.2) (end -1.240971 0.2) (layer "F.SilkS") (width 0.12))
    (fp_rect (start -0.731617 -0.2) (end -0.331617 0.2) (layer "F.SilkS") (width 0.12))
    (fp_rect (start 0.320912 -0.234721) (end 0.720912 0.165279) (layer "F.SilkS") (width 0.12))
    (fp_rect (start 1.230266 -0.234721) (end 1.630266 0.165279) (layer "F.SilkS") (width 0.12))
    (fp_poly (pts (xy 1.2 0.2) (xy 0.8 0.2) (xy 0.8 -0.3) (xy 1.2 -0.3)) (layer "F.SilkS") (width 0.1))
    (fp_line (start 2 -0.5) (end 2 -0.1) (layer "F.SilkS") (width 0.12))
    (fp_line (start 2 -0.3) (end 2.3 -0.3) (layer "F.SilkS") (width 0.12))
    (fp_line (start 2.3 -0.3) (end 2.3 -0.5) (layer "F.SilkS") (width 0.12))
    (fp_line (start 2.3 -0.3) (end 2.3 -0.1) (layer "F.SilkS") (width 0.12))
  )

  (module "components:Mark-OpenLow,CloseHigh" locked (layer "F.Cu") (tedit 5F03DAA0) (tstamp 9b681ab2-04c8-4507-b128-b670cc5c0c77)
    (at 33.1 124.15)
    (fp_text reference "REF**" (at 0.5 2 unlocked) (layer "F.SilkS") hide
      (effects (font (size 1 1) (thickness 0.15)))
    )
    (fp_text value "Mark-OpenLow,CloseHigh" (at 0.5 3.5 unlocked) (layer "F.Fab") hide
      (effects (font (size 1 1) (thickness 0.15)))
    )
    (fp_line (start 2.3 -0.3) (end 2.3 -0.1) (layer "F.SilkS") (width 0.12))
    (fp_line (start 2.3 -0.3) (end 2.3 -0.5) (layer "F.SilkS") (width 0.12))
    (fp_line (start 2 -0.3) (end 2.3 -0.3) (layer "F.SilkS") (width 0.12))
    (fp_line (start 2 -0.5) (end 2 -0.1) (layer "F.SilkS") (width 0.12))
    (fp_poly (pts (xy 1.2 0.2) (xy 0.8 0.2) (xy 0.8 -0.3) (xy 1.2 -0.3)) (layer "F.SilkS") (width 0.1))
    (fp_rect (start 1.230266 -0.234721) (end 1.630266 0.165279) (layer "F.SilkS") (width 0.12))
    (fp_rect (start 0.320912 -0.234721) (end 0.720912 0.165279) (layer "F.SilkS") (width 0.12))
    (fp_rect (start -0.731617 -0.2) (end -0.331617 0.2) (layer "F.SilkS") (width 0.12))
    (fp_rect (start -1.640971 -0.2) (end -1.240971 0.2) (layer "F.SilkS") (width 0.12))
    (fp_line (start 0 -0.6) (end 1.729739 -0.6) (layer "F.SilkS") (width 0.12))
    (fp_line (start 0 -0.6) (end 0 0.6) (layer "F.SilkS") (width 0.12))
    (fp_line (start -1.7 0.6) (end 0 0.6) (layer "F.SilkS") (width 0.12))
    (fp_text user "x" (at 0.5 5 unlocked) (layer "F.Fab") hide
      (effects (font (size 1 1) (thickness 0.15)))
    )
  )

  (module "components:Mark-OpenLow,CloseHigh" locked (layer "F.Cu") (tedit 5F03DAA0) (tstamp 8d5d6c5b-ab8a-44d5-aa11-024595eb176a)
    (at 33.1 125.75)
    (fp_text reference "REF**" (at 0.5 2 unlocked) (layer "F.SilkS") hide
      (effects (font (size 1 1) (thickness 0.15)))
    )
    (fp_text value "Mark-OpenLow,CloseHigh" (at 0.5 3.5 unlocked) (layer "F.Fab") hide
      (effects (font (size 1 1) (thickness 0.15)))
    )
    (fp_text user "x" (at 0.5 5 unlocked) (layer "F.Fab") hide
      (effects (font (size 1 1) (thickness 0.15)))
    )
    (fp_line (start -1.7 0.6) (end 0 0.6) (layer "F.SilkS") (width 0.12))
    (fp_line (start 0 -0.6) (end 0 0.6) (layer "F.SilkS") (width 0.12))
    (fp_line (start 0 -0.6) (end 1.729739 -0.6) (layer "F.SilkS") (width 0.12))
    (fp_rect (start -1.640971 -0.2) (end -1.240971 0.2) (layer "F.SilkS") (width 0.12))
    (fp_rect (start -0.731617 -0.2) (end -0.331617 0.2) (layer "F.SilkS") (width 0.12))
    (fp_rect (start 0.320912 -0.234721) (end 0.720912 0.165279) (layer "F.SilkS") (width 0.12))
    (fp_rect (start 1.230266 -0.234721) (end 1.630266 0.165279) (layer "F.SilkS") (width 0.12))
    (fp_poly (pts (xy 1.2 0.2) (xy 0.8 0.2) (xy 0.8 -0.3) (xy 1.2 -0.3)) (layer "F.SilkS") (width 0.1))
    (fp_line (start 2 -0.5) (end 2 -0.1) (layer "F.SilkS") (width 0.12))
    (fp_line (start 2 -0.3) (end 2.3 -0.3) (layer "F.SilkS") (width 0.12))
    (fp_line (start 2.3 -0.3) (end 2.3 -0.5) (layer "F.SilkS") (width 0.12))
    (fp_line (start 2.3 -0.3) (end 2.3 -0.1) (layer "F.SilkS") (width 0.12))
  )

  (module "components:Mark-OpenLow,CloseHigh" locked (layer "F.Cu") (tedit 5F03DAA0) (tstamp a592f3bc-aef9-4639-a4d2-c7cf44d21b11)
    (at 33.1 127.25)
    (fp_text reference "REF**" (at 0.5 2 unlocked) (layer "F.SilkS") hide
      (effects (font (size 1 1) (thickness 0.15)))
    )
    (fp_text value "Mark-OpenLow,CloseHigh" (at 0.5 3.5 unlocked) (layer "F.Fab") hide
      (effects (font (size 1 1) (thickness 0.15)))
    )
    (fp_line (start 2.3 -0.3) (end 2.3 -0.1) (layer "F.SilkS") (width 0.12))
    (fp_line (start 2.3 -0.3) (end 2.3 -0.5) (layer "F.SilkS") (width 0.12))
    (fp_line (start 2 -0.3) (end 2.3 -0.3) (layer "F.SilkS") (width 0.12))
    (fp_line (start 2 -0.5) (end 2 -0.1) (layer "F.SilkS") (width 0.12))
    (fp_poly (pts (xy 1.2 0.2) (xy 0.8 0.2) (xy 0.8 -0.3) (xy 1.2 -0.3)) (layer "F.SilkS") (width 0.1))
    (fp_rect (start 1.230266 -0.234721) (end 1.630266 0.165279) (layer "F.SilkS") (width 0.12))
    (fp_rect (start 0.320912 -0.234721) (end 0.720912 0.165279) (layer "F.SilkS") (width 0.12))
    (fp_rect (start -0.731617 -0.2) (end -0.331617 0.2) (layer "F.SilkS") (width 0.12))
    (fp_rect (start -1.640971 -0.2) (end -1.240971 0.2) (layer "F.SilkS") (width 0.12))
    (fp_line (start 0 -0.6) (end 1.729739 -0.6) (layer "F.SilkS") (width 0.12))
    (fp_line (start 0 -0.6) (end 0 0.6) (layer "F.SilkS") (width 0.12))
    (fp_line (start -1.7 0.6) (end 0 0.6) (layer "F.SilkS") (width 0.12))
    (fp_text user "x" (at 0.5 5 unlocked) (layer "F.Fab") hide
      (effects (font (size 1 1) (thickness 0.15)))
    )
  )

  (module "Capacitor_THT:CP_Radial_D5.0mm_P2.50mm" (layer "F.Cu") (tedit 5AE50EF0) (tstamp 45961d32-b0a7-44a5-b94d-7d13f221eb43)
    (at 39.5 92 -90)
    (descr "CP, Radial series, Radial, pin pitch=2.50mm, , diameter=5mm, Electrolytic Capacitor")
    (tags "CP Radial series Radial pin pitch 2.50mm  diameter 5mm Electrolytic Capacitor")
    (path "/6c34f25a-5861-4bae-a373-a0da95c597cd")
    (fp_text reference "C10" (at -1.5 -3.25 180) (layer "F.SilkS")
      (effects (font (size 1 1) (thickness 0.15)))
    )
    (fp_text value "33u/16v" (at 1.25 3.75 90) (layer "F.Fab")
      (effects (font (size 1 1) (thickness 0.15)))
    )
    (fp_text user "${REFERENCE}" (at 1.25 0 90) (layer "F.Fab")
      (effects (font (size 1 1) (thickness 0.15)))
    )
    (fp_line (start -1.304775 -1.725) (end -1.304775 -1.225) (layer "F.SilkS") (width 0.12))
    (fp_line (start -1.554775 -1.475) (end -1.054775 -1.475) (layer "F.SilkS") (width 0.12))
    (fp_line (start 3.851 -0.284) (end 3.851 0.284) (layer "F.SilkS") (width 0.12))
    (fp_line (start 3.811 -0.518) (end 3.811 0.518) (layer "F.SilkS") (width 0.12))
    (fp_line (start 3.771 -0.677) (end 3.771 0.677) (layer "F.SilkS") (width 0.12))
    (fp_line (start 3.731 -0.805) (end 3.731 0.805) (layer "F.SilkS") (width 0.12))
    (fp_line (start 3.691 -0.915) (end 3.691 0.915) (layer "F.SilkS") (width 0.12))
    (fp_line (start 3.651 -1.011) (end 3.651 1.011) (layer "F.SilkS") (width 0.12))
    (fp_line (start 3.611 -1.098) (end 3.611 1.098) (layer "F.SilkS") (width 0.12))
    (fp_line (start 3.571 -1.178) (end 3.571 1.178) (layer "F.SilkS") (width 0.12))
    (fp_line (start 3.531 1.04) (end 3.531 1.251) (layer "F.SilkS") (width 0.12))
    (fp_line (start 3.531 -1.251) (end 3.531 -1.04) (layer "F.SilkS") (width 0.12))
    (fp_line (start 3.491 1.04) (end 3.491 1.319) (layer "F.SilkS") (width 0.12))
    (fp_line (start 3.491 -1.319) (end 3.491 -1.04) (layer "F.SilkS") (width 0.12))
    (fp_line (start 3.451 1.04) (end 3.451 1.383) (layer "F.SilkS") (width 0.12))
    (fp_line (start 3.451 -1.383) (end 3.451 -1.04) (layer "F.SilkS") (width 0.12))
    (fp_line (start 3.411 1.04) (end 3.411 1.443) (layer "F.SilkS") (width 0.12))
    (fp_line (start 3.411 -1.443) (end 3.411 -1.04) (layer "F.SilkS") (width 0.12))
    (fp_line (start 3.371 1.04) (end 3.371 1.5) (layer "F.SilkS") (width 0.12))
    (fp_line (start 3.371 -1.5) (end 3.371 -1.04) (layer "F.SilkS") (width 0.12))
    (fp_line (start 3.331 1.04) (end 3.331 1.554) (layer "F.SilkS") (width 0.12))
    (fp_line (start 3.331 -1.554) (end 3.331 -1.04) (layer "F.SilkS") (width 0.12))
    (fp_line (start 3.291 1.04) (end 3.291 1.605) (layer "F.SilkS") (width 0.12))
    (fp_line (start 3.291 -1.605) (end 3.291 -1.04) (layer "F.SilkS") (width 0.12))
    (fp_line (start 3.251 1.04) (end 3.251 1.653) (layer "F.SilkS") (width 0.12))
    (fp_line (start 3.251 -1.653) (end 3.251 -1.04) (layer "F.SilkS") (width 0.12))
    (fp_line (start 3.211 1.04) (end 3.211 1.699) (layer "F.SilkS") (width 0.12))
    (fp_line (start 3.211 -1.699) (end 3.211 -1.04) (layer "F.SilkS") (width 0.12))
    (fp_line (start 3.171 1.04) (end 3.171 1.743) (layer "F.SilkS") (width 0.12))
    (fp_line (start 3.171 -1.743) (end 3.171 -1.04) (layer "F.SilkS") (width 0.12))
    (fp_line (start 3.131 1.04) (end 3.131 1.785) (layer "F.SilkS") (width 0.12))
    (fp_line (start 3.131 -1.785) (end 3.131 -1.04) (layer "F.SilkS") (width 0.12))
    (fp_line (start 3.091 1.04) (end 3.091 1.826) (layer "F.SilkS") (width 0.12))
    (fp_line (start 3.091 -1.826) (end 3.091 -1.04) (layer "F.SilkS") (width 0.12))
    (fp_line (start 3.051 1.04) (end 3.051 1.864) (layer "F.SilkS") (width 0.12))
    (fp_line (start 3.051 -1.864) (end 3.051 -1.04) (layer "F.SilkS") (width 0.12))
    (fp_line (start 3.011 1.04) (end 3.011 1.901) (layer "F.SilkS") (width 0.12))
    (fp_line (start 3.011 -1.901) (end 3.011 -1.04) (layer "F.SilkS") (width 0.12))
    (fp_line (start 2.971 1.04) (end 2.971 1.937) (layer "F.SilkS") (width 0.12))
    (fp_line (start 2.971 -1.937) (end 2.971 -1.04) (layer "F.SilkS") (width 0.12))
    (fp_line (start 2.931 1.04) (end 2.931 1.971) (layer "F.SilkS") (width 0.12))
    (fp_line (start 2.931 -1.971) (end 2.931 -1.04) (layer "F.SilkS") (width 0.12))
    (fp_line (start 2.891 1.04) (end 2.891 2.004) (layer "F.SilkS") (width 0.12))
    (fp_line (start 2.891 -2.004) (end 2.891 -1.04) (layer "F.SilkS") (width 0.12))
    (fp_line (start 2.851 1.04) (end 2.851 2.035) (layer "F.SilkS") (width 0.12))
    (fp_line (start 2.851 -2.035) (end 2.851 -1.04) (layer "F.SilkS") (width 0.12))
    (fp_line (start 2.811 1.04) (end 2.811 2.065) (layer "F.SilkS") (width 0.12))
    (fp_line (start 2.811 -2.065) (end 2.811 -1.04) (layer "F.SilkS") (width 0.12))
    (fp_line (start 2.771 1.04) (end 2.771 2.095) (layer "F.SilkS") (width 0.12))
    (fp_line (start 2.771 -2.095) (end 2.771 -1.04) (layer "F.SilkS") (width 0.12))
    (fp_line (start 2.731 1.04) (end 2.731 2.122) (layer "F.SilkS") (width 0.12))
    (fp_line (start 2.731 -2.122) (end 2.731 -1.04) (layer "F.SilkS") (width 0.12))
    (fp_line (start 2.691 1.04) (end 2.691 2.149) (layer "F.SilkS") (width 0.12))
    (fp_line (start 2.691 -2.149) (end 2.691 -1.04) (layer "F.SilkS") (width 0.12))
    (fp_line (start 2.651 1.04) (end 2.651 2.175) (layer "F.SilkS") (width 0.12))
    (fp_line (start 2.651 -2.175) (end 2.651 -1.04) (layer "F.SilkS") (width 0.12))
    (fp_line (start 2.611 1.04) (end 2.611 2.2) (layer "F.SilkS") (width 0.12))
    (fp_line (start 2.611 -2.2) (end 2.611 -1.04) (layer "F.SilkS") (width 0.12))
    (fp_line (start 2.571 1.04) (end 2.571 2.224) (layer "F.SilkS") (width 0.12))
    (fp_line (start 2.571 -2.224) (end 2.571 -1.04) (layer "F.SilkS") (width 0.12))
    (fp_line (start 2.531 1.04) (end 2.531 2.247) (layer "F.SilkS") (width 0.12))
    (fp_line (start 2.531 -2.247) (end 2.531 -1.04) (layer "F.SilkS") (width 0.12))
    (fp_line (start 2.491 1.04) (end 2.491 2.268) (layer "F.SilkS") (width 0.12))
    (fp_line (start 2.491 -2.268) (end 2.491 -1.04) (layer "F.SilkS") (width 0.12))
    (fp_line (start 2.451 1.04) (end 2.451 2.29) (layer "F.SilkS") (width 0.12))
    (fp_line (start 2.451 -2.29) (end 2.451 -1.04) (layer "F.SilkS") (width 0.12))
    (fp_line (start 2.411 1.04) (end 2.411 2.31) (layer "F.SilkS") (width 0.12))
    (fp_line (start 2.411 -2.31) (end 2.411 -1.04) (layer "F.SilkS") (width 0.12))
    (fp_line (start 2.371 1.04) (end 2.371 2.329) (layer "F.SilkS") (width 0.12))
    (fp_line (start 2.371 -2.329) (end 2.371 -1.04) (layer "F.SilkS") (width 0.12))
    (fp_line (start 2.331 1.04) (end 2.331 2.348) (layer "F.SilkS") (width 0.12))
    (fp_line (start 2.331 -2.348) (end 2.331 -1.04) (layer "F.SilkS") (width 0.12))
    (fp_line (start 2.291 1.04) (end 2.291 2.365) (layer "F.SilkS") (width 0.12))
    (fp_line (start 2.291 -2.365) (end 2.291 -1.04) (layer "F.SilkS") (width 0.12))
    (fp_line (start 2.251 1.04) (end 2.251 2.382) (layer "F.SilkS") (width 0.12))
    (fp_line (start 2.251 -2.382) (end 2.251 -1.04) (layer "F.SilkS") (width 0.12))
    (fp_line (start 2.211 1.04) (end 2.211 2.398) (layer "F.SilkS") (width 0.12))
    (fp_line (start 2.211 -2.398) (end 2.211 -1.04) (layer "F.SilkS") (width 0.12))
    (fp_line (start 2.171 1.04) (end 2.171 2.414) (layer "F.SilkS") (width 0.12))
    (fp_line (start 2.171 -2.414) (end 2.171 -1.04) (layer "F.SilkS") (width 0.12))
    (fp_line (start 2.131 1.04) (end 2.131 2.428) (layer "F.SilkS") (width 0.12))
    (fp_line (start 2.131 -2.428) (end 2.131 -1.04) (layer "F.SilkS") (width 0.12))
    (fp_line (start 2.091 1.04) (end 2.091 2.442) (layer "F.SilkS") (width 0.12))
    (fp_line (start 2.091 -2.442) (end 2.091 -1.04) (layer "F.SilkS") (width 0.12))
    (fp_line (start 2.051 1.04) (end 2.051 2.455) (layer "F.SilkS") (width 0.12))
    (fp_line (start 2.051 -2.455) (end 2.051 -1.04) (layer "F.SilkS") (width 0.12))
    (fp_line (start 2.011 1.04) (end 2.011 2.468) (layer "F.SilkS") (width 0.12))
    (fp_line (start 2.011 -2.468) (end 2.011 -1.04) (layer "F.SilkS") (width 0.12))
    (fp_line (start 1.971 1.04) (end 1.971 2.48) (layer "F.SilkS") (width 0.12))
    (fp_line (start 1.971 -2.48) (end 1.971 -1.04) (layer "F.SilkS") (width 0.12))
    (fp_line (start 1.93 1.04) (end 1.93 2.491) (layer "F.SilkS") (width 0.12))
    (fp_line (start 1.93 -2.491) (end 1.93 -1.04) (layer "F.SilkS") (width 0.12))
    (fp_line (start 1.89 1.04) (end 1.89 2.501) (layer "F.SilkS") (width 0.12))
    (fp_line (start 1.89 -2.501) (end 1.89 -1.04) (layer "F.SilkS") (width 0.12))
    (fp_line (start 1.85 1.04) (end 1.85 2.511) (layer "F.SilkS") (width 0.12))
    (fp_line (start 1.85 -2.511) (end 1.85 -1.04) (layer "F.SilkS") (width 0.12))
    (fp_line (start 1.81 1.04) (end 1.81 2.52) (layer "F.SilkS") (width 0.12))
    (fp_line (start 1.81 -2.52) (end 1.81 -1.04) (layer "F.SilkS") (width 0.12))
    (fp_line (start 1.77 1.04) (end 1.77 2.528) (layer "F.SilkS") (width 0.12))
    (fp_line (start 1.77 -2.528) (end 1.77 -1.04) (layer "F.SilkS") (width 0.12))
    (fp_line (start 1.73 1.04) (end 1.73 2.536) (layer "F.SilkS") (width 0.12))
    (fp_line (start 1.73 -2.536) (end 1.73 -1.04) (layer "F.SilkS") (width 0.12))
    (fp_line (start 1.69 1.04) (end 1.69 2.543) (layer "F.SilkS") (width 0.12))
    (fp_line (start 1.69 -2.543) (end 1.69 -1.04) (layer "F.SilkS") (width 0.12))
    (fp_line (start 1.65 1.04) (end 1.65 2.55) (layer "F.SilkS") (width 0.12))
    (fp_line (start 1.65 -2.55) (end 1.65 -1.04) (layer "F.SilkS") (width 0.12))
    (fp_line (start 1.61 1.04) (end 1.61 2.556) (layer "F.SilkS") (width 0.12))
    (fp_line (start 1.61 -2.556) (end 1.61 -1.04) (layer "F.SilkS") (width 0.12))
    (fp_line (start 1.57 1.04) (end 1.57 2.561) (layer "F.SilkS") (width 0.12))
    (fp_line (start 1.57 -2.561) (end 1.57 -1.04) (layer "F.SilkS") (width 0.12))
    (fp_line (start 1.53 1.04) (end 1.53 2.565) (layer "F.SilkS") (width 0.12))
    (fp_line (start 1.53 -2.565) (end 1.53 -1.04) (layer "F.SilkS") (width 0.12))
    (fp_line (start 1.49 1.04) (end 1.49 2.569) (layer "F.SilkS") (width 0.12))
    (fp_line (start 1.49 -2.569) (end 1.49 -1.04) (layer "F.SilkS") (width 0.12))
    (fp_line (start 1.45 -2.573) (end 1.45 2.573) (layer "F.SilkS") (width 0.12))
    (fp_line (start 1.41 -2.576) (end 1.41 2.576) (layer "F.SilkS") (width 0.12))
    (fp_line (start 1.37 -2.578) (end 1.37 2.578) (layer "F.SilkS") (width 0.12))
    (fp_line (start 1.33 -2.579) (end 1.33 2.579) (layer "F.SilkS") (width 0.12))
    (fp_line (start 1.29 -2.58) (end 1.29 2.58) (layer "F.SilkS") (width 0.12))
    (fp_line (start 1.25 -2.58) (end 1.25 2.58) (layer "F.SilkS") (width 0.12))
    (fp_line (start -0.633605 -1.3375) (end -0.633605 -0.8375) (layer "F.Fab") (width 0.1))
    (fp_line (start -0.883605 -1.0875) (end -0.383605 -1.0875) (layer "F.Fab") (width 0.1))
    (fp_circle (center 1.25 0) (end 4 0) (layer "F.CrtYd") (width 0.05))
    (fp_circle (center 1.25 0) (end 3.87 0) (layer "F.SilkS") (width 0.12))
    (fp_circle (center 1.25 0) (end 3.75 0) (layer "F.Fab") (width 0.1))
    (pad "2" thru_hole circle (at 2.5 0 270) (size 1.6 1.6) (drill 0.8) (layers *.Cu *.Mask)
      (net 12 "/LEDK") (tstamp b710f58e-5dbb-494b-96d5-585abc6d979c))
    (pad "1" thru_hole rect (at 0 0 270) (size 1.6 1.6) (drill 0.8) (layers *.Cu *.Mask)
      (net 11 "/LEDA") (tstamp 299af8e7-ef1c-4cd1-8865-86cce5bc5823))
    (model "${KISYS3DMOD}/Capacitor_THT.3dshapes/CP_Radial_D5.0mm_P2.50mm.wrl"
      (at (xyz 0 0 0))
      (scale (xyz 1 1 1))
      (rotate (xyz 0 0 0))
    )
  )

